image_width: 1280
image_height: 720
camera_name: chromebook_webcam_720p
camera_matrix:
  rows: 3
  cols: 3
  data: [972.461818132582, 0, 667.606333727358, 0, 974.0818246345611, 355.1818125278066, 0, 0, 1]
distortion_model: plumb_bob
distortion_coefficients:
  rows: 1
  cols: 5
  data: [0.03236657309314466, -0.1063859687423998, -0.001157444070769493, -0.0008545568947923114, 0]
rectification_matrix:
  rows: 3
  cols: 3
  data: [1, 0, 0, 0, 1, 0, 0, 0, 1]
projection_matrix:
  rows: 3
  cols: 4
  data: [965.4273681640625, 0, 667.5041850443886, 0, 0, 975.3597412109375, 354.1817755329248, 0, 0, 0, 1, 0]